 0 255 255 255
 1 183 183 0
 2 223 221 43
 3 229 225 79
 4 159 80 43
 5 111 95 39
 6 162 136 60
 7 185 175 135
 8 158 167 136
 9 129 140 103
10 255 80 80
11 0 177 0
12 0 255 0
13 94 99 47
14 142 146 71
15 169 175 95
16 95 55 29
17 152 88 47
18 181 144 123
19 191 191 191
20 51 200 127
21 88 208 150
22 142 208 169
23 11 67 83
24 60 146 123
25 136 183 165
26 0 99 0
27 21 146 27
28 150 167 140
29 67 14 51
30 140 16 140
31 159 19 159
32 177 21 177
33 95 191 63
34 0 60 0
35 95 4 1
36 63 4 99
37 4 102 99
38 0 102 0
39 119 214 116
40 95 4 86
41 135 6 119
42 175 102 165
43 67 16 16
44 159 32 239
45 255 0 255
46 119 214 39
47 169 229 119
48 241 241 239
49 191 191 191
50 237 241 237
51 123 231 188
52 239 192 198
53 192 241 223
54 241 215 221
55 255 165 0
56 208 177 140
57 127 127 127
58 191 191 191
59 255 255 0
60 140 150 191
61 255 181 192
62 237 129 237
63 173 24 14
64 218 32 16
65 119 16 9
66 0 0 255
67 37 6 119
68 116 183 14
69 136 215 16
70 0 255 255
